samples: 6000
kn_neighbors: 5
rf_estimators: 7
split: 0.75

LogisticRegression(max_iter=1000): 99.96666666666665%
SVC(): 99.325%
KNeighborsClassifier(): 79.30416666666666%
RandomForestClassifier(n_estimators=7): 99.175%

