samples: 6000
kn_neighbors: 5
rf_estimators: 7
split: 0.75

LogisticRegression(max_iter=1000): 99.97916666666666%
SVC(): 99.30416666666666%
KNeighborsClassifier(): 79.44583333333333%
RandomForestClassifier(n_estimators=7): 99.25%

